FRAMES = 10
HIGH = 6.17045
LOW = 4.75474
AVG = 5.30811
